126 79
15000
132 76
15000
133 79
15000
109 70
15000
111 73
15000
119 68
15000
123 70
15000
110 71
15000
110 78
15000
114 62
15000
114 73
14900
102 67
15000
115 70
15000
116 68
15000
126 67
15000
110 74
15000
114 68
15000
117 81
15000
123 75
15000
104 67
15000
108 68
15000
111 73
15000
114 61
15000
105 69
15000
106 70
15000
111 70
15000
101 63
15000
106 61
15000
110 73
15000
117 68
15000
100 59
14400
107 70
14300
121 70
13900
106 65
14000
111 62
14000
113 68
14100
106 60
14100
106 63
14000
114 64
14500
116 66
13900
113 72
14000
116 76
14000
118 79
14200
120 80
13900
106 62
13900
109 71
14000
110 65
14400
110 69
14400
100 62
14300
101 60
14600
101 64
14200
119 70
14000
103 66
14000
105 66
14000
99 61
14300
100 54
15000
113 73
15000
123 69
15000
133 76
15000
101 50
15000
106 54
15000
116 54
15000
119 61
15000
106 58
15000
123 60
15000
126 64
15000
140 68
15000
116 62
15000
124 63
15000
126 62
15000
128 65
15000
118 60
15000
120 60
15000
125 56
15000
128 56
15000
121 65
15000
123 67
15000
125 61
15000
127 59
15000
112 59
15000
116 53
15000
119 61
15000
129 63
15000
109 58
15000
109 61
15000
114 50
15000
126 70
15000
117 58
15000
118 60
15000
120 56
15000
121 56
15000
112 56
15000
115 58
15000
118 57
15000
118 62
15000
109 58
15000
116 60
15000
119 61
15000
135 68
15000
100 60
15000
103 56
15000
108 63
15000
124 71
15000
108 53
15000
108 54
15000
119 54
15000
119 67
15000
101 57
15000
111 55
15000
111 57
15000
117 57
15000
109 54
15000
117 58
15000
123 60
15000
125 66
15000
115 56
15000
118 60
15000
119 61
15000
124 62
15000
108 66
15000
114 57
15000
116 53
15000
119 58
15000
113 54
15000
113 57
15000
114 56
15000
120 56
15000
119 53
15000
120 53
15000
122 60
15000
124 57
15000
120 65
15000
127 63
15000
127 67
15000
129 66
15000
119 57
15000
124 63
15000
128 62
15000
96 50
15000
126 55
15000
155 65
15000
156 70
15000
165 71
15000
108 47
15000
119 52
15000
120 59
15000
125 60
15000
124 59
15000
129 54
15000
141 61
15000
148 67
15000
103 52
15000
120 60
15000
146 59
15000
146 65
15000
128 62
15000
138 61
15000
140 66
15000
147 58
15000
114 42
15000
143 62
15000
144 57
15000
150 57
15000
130 56
15000
141 54
15000
149 60
15000
155 66
15000
108 52
15000
116 49
15000
120 54
15000
137 59
15000
105 42
15000
120 57
15000
131 56
15000
133 46
15000
133 54
15000
135 53
15000
140 62
15000
145 63
15000
111 46
15000
112 55
15000
144 61
15000
98 42
15000
105 43
15000
115 58
15000
122 53
15000
122 59
15000
114 53
15000
124 55
15000
139 61
15000
147 64
15000
132 57
15000
140 66
15000
140 68
15000
165 80
15000
116 54
15000
132 64
15000
141 61
15000
149 65
15000
130 49
15000
137 62
15000
139 54
15000
143 66
15000
121 51
15000
129 50
15000
139 63
15000
154 60
15000
129 53
15000
129 66
15000
131 59
15000
156 62
15000
110 60
15000
118 61
15000
121 54
15000
132 51
15000
155 70
15000
164 85
15000
167 83
15000
171 83
15000
149 71
15000
151 69
15000
158 82
15000
165 80
15000
140 80
15000
143 64
15000
143 71
15000
157 93
15000
141 81
15000
144 71
15000
153 76
15000
156 86
15000
139 83
15000
148 81
15000
154 75
15000
154 83
15000
138 82
15000
139 72
15000
144 80
15000
146 76
15000
135 76
15000
139 84
15000
152 89
15000
179 87
15000
135 85
15000
154 87
15000
156 79
15000
163 75
15000
136 72
15000
146 83
15000
159 76
15000
161 84
15000
136 81
15000
142 75
15000
152 75
15000
156 76
15000
120 71
15000
151 77
15000
154 77
15000
158 75
15000
139 86
15000
151 73
15000
153 76
15000
153 79
15000
140 73
15000
156 75
15000
163 88
15000
171 79
15000
101 58
15000
92 54
15000
97 60
15000
97 65
15000
83 49
15000
87 54
15000
92 58
15000
99 65
15000
101 61
15000
88 47
15000
95 51
15000
95 56
15000
100 60
15000
84 53
15000
85 55
15000
98 62
15000
87 57
15000
93 55
15000
96 65
15000
98 56
15000
100 67
15000
110 54
15000
91 63
15000
95 65
15000
79 48
15000
89 51
15000
95 61
15000
98 66
15000
102 60
15000
88 57
15000
90 54
15000
95 61
15000
101 63
15000
89 58
15000
93 51
15000
94 56
15000
89 62
15000
90 62
15000
94 64
15000
96 66
15000
92 61
15000
95 61
15000
97 58
15000
97 67
15000
100 50
15000
104 67
15000
93 47
15000
98 58
15000
120 71
15000
125 83
15000
133 77
15000
136 83
15000
118 80
15000
137 68
15000
138 81
15000
146 97
15000
101 72
15000
105 68
15000
87 54
15000
97 61
15000
100 61
15000
101 72
15000
103 65
15000
103 68
15000
92 62
15000
93 62
15000
94 72
15000
102 70
15000
104 71
15000
106 74
15000
92 65
15000
96 68
15000
103 70
14500
92 66
14500
96 58
13800
96 63
14400
75 48
14100
86 62
14500
93 59
13900
95 59
14300
90 61
14300
91 59
14100
92 60
14300
92 66
14500
94 67
14200
84 60
14300
87 58
14600
93 60
14200
96 59
14400
110 75
15000
113 71
15000
121 80
15000
111 74
15000
112 86
15000
113 77
15000
118 84
15000
107 74
15000
109 73
15000
111 76
15000
116 77
15000
105 65
15000
109 74
15000
111 68
15000
115 69
15000
105 68
15000
113 73
15000
118 87
15000
123 79
15000
115 73
15000
117 69
15000
119 80
15000
120 88
15000
110 76
15000
115 75
15000
117 81
15000
121 70
15000
110 69
15000
115 79
15000
118 78
15000
120 76
15000
101 66
15000
110 82
15000
113 68
15000
114 72
15000
104 67
15000
105 70
15000
109 76
15000
118 73
15000
110 72
15000
111 71
15000
113 85
15000
122 81
15000
110 73
15000
116 75
15000
118 73
15000
121 80
15000
107 71
15000
108 69
15000
112 72
15000
118 73
15000
107 75
15000
109 73
15000
115 74
15000
115 75
15000
114 77
15000
117 81
15000
118 73
15000
124 76
15000
116 77
15000
122 80
15000
123 76
15000
126 87
15000
109 69
15000
111 73
15000
113 77
15000
118 82
15000
105 66
15000
110 69
15000
110 78
15000
113 76
15000
110 71
15000
111 78
15000
115 80
15000
121 79
15000
101 56
15000
109 51
15000
109 55
15000
137 54
15000
109 52
15000
111 54
15000
113 51
15000
115 56
15000
115 57
15000
116 50
15000
118 55
15000
126 70
15000
118 63
15000
119 58
15000
122 63
15000
127 61
15000
115 62
15000
116 58
15000
119 69
15000
133 59
15000
119 57
15000
124 65
15000
126 70
15000
99 57
15000
110 62
15000
114 58
15000
114 61
15000
116 57
15000
109 58
15000
116 57
15000
125 63
15000
96 48
15000
110 50
15000
113 53
15000
123 60
15000
128 67
15000
101 50
15000
105 49
15000
117 60
15000
124 66
15000
100 46
15000
111 57
15000
139 53
15000
93 49
15000
103 45
15000
103 51
15000
110 51
15000
111 48
15000
102 56
15000
109 58
15000
110 56
15000
121 65
15000
102 50
15000
103 55
15000
106 54
15000
110 57
15000
107 55
15000
110 51
15000
113 58
15000
129 62
15000
102 54
15000
104 53
15000
118 68
15000
126 61
15000
111 53
15000
112 55
15000
124 59
15000
126 59
15000
101 48
15000
102 57
15000
106 47
15000
108 54
15000
105 57
15000
111 55
15000
114 55
15000
99 47
15000
107 49
15000
119 57
15000
121 56
15000
95 51
15000
105 61
15000
113 63
15000
114 56
15000
131 68
15000
137 72
15000
139 74
15000
156 74
15000
159 85
15000
150 85
15000
158 91
15000
160 85
15000
162 92
15000
137 78
15000
139 84
15000
145 77
15000
152 78
15000
140 74
15000
140 83
15000
142 79
15000
155 82
15000
131 75
15000
134 77
15000
141 78
15000
142 82
15000
126 67
15000
126 68
15000
127 67
15000
143 76
15000
121 74
15000
135 79
15000
137 74
15000
138 78
15000
106 56
15000
117 64
15000
120 73
15000
138 76
15000
119 73
15000
124 69
15000
129 72
15000
145 76
15000
114 73
15000
122 63
15000
126 65
15000
144 75
15000
125 73
15000
125 74
15000
126 73
15000
134 78
15000
125 74
15000
126 72
15000
135 80
15000
138 78
15000
112 67
15000
127 77
15000
127 83
15000
128 79
15000
121 72
15000
123 77
15000
127 76
15000
146 80
15000
122 69
15000
131 75
15000
132 74
15000
133 72
15000
133 68
15000
136 79
15000
137 79
15000
143 74
15000
136 78
15000
138 78
15000
140 84
15000
155 83
15000
121 66
15000
124 80
15000
129 70
15000
142 85
15000
137 79
15000
139 88
15000
141 79
15000
143 84
15000
108 74
15000
112 73
15000
119 77
15000
109 76
15000
113 76
15000
115 77
15000
116 76
15000
105 61
15000
108 72
15000
109 65
15000
115 73
15000
100 61
15000
110 63
15000
112 69
15000
120 73
15000
113 68
15000
114 77
15000
115 76
15000
116 76
15000
101 64
15000
116 72
15000
118 74
15000
120 80
15000
110 70
15000
111 74
15000
114 67
15000
115 74
15000
106 66
15000
111 73
15000
115 67
15000
116 69
15000
109 66
15000
112 77
15000
120 70
15000
99 69
15000
109 65
15000
112 73
15000
115 68
15000
115 74
15000
105 71
15000
111 75
15000
112 73
15000
114 79
15000
108 59
15000
111 67
15000
115 68
15000
116 70
15000
108 62
15000
111 72
15000
114 69
15000
123 77
15000
108 74
15000
112 73
15000
113 66
15000
119 70
15000
111 68
15000
114 72
15000
118 81
15000
127 75
15000
114 75
15000
114 77
15000
117 70
15000
130 79
15000
102 69
15000
107 74
15000
114 76
15000
115 76
15000
109 66
15000
114 76
15000
114 78
15000
128 79
15000
110 75
15000
113 75
15000
114 77
15000
117 75
15000
85 44
15000
90 53
15000
94 48
15000
82 54
15000
87 52
15000
88 59
15000
92 58
15000
77 57
15000
80 51
15000
85 56
15000
88 53
15000
70 46
15000
88 45
15000
90 48
15000
94 63
15000
102 58
15000
104 52
15000
79 48
15000
93 51
15000
93 60
15000
84 56
15000
85 53
15000
86 53
15000
94 53
15000
69 47
15000
83 60
15000
87 52
15000
93 56
15000
81 52
15000
84 50
15000
92 50
15000
94 54
15000
108 54
15000
82 50
15000
85 42
15000
87 58
15000
114 53
15000
78 52
15000
80 42
15000
87 49
15000
102 45
15000
87 48
15000
92 54
15000
93 47
15000
81 46
15000
81 54
15000
85 48
15000
93 48
15000
107 59
15000
80 45
15000
89 46
15000
96 53
15000
103 64
15000
72 44
15000
83 49
15000
91 56
15000
102 54
15000
84 45
15000
85 51
15000
87 49
15000
76 42
15000
79 50
15000
83 57
15000
88 43
15000
104 54
15000
79 47
15000
82 48
15000
88 51
15000
113 79
15000
81 55
15000
94 54
15000
97 53
15000
124 99
15000
85 54
15000
88 53
15000
93 65
15000
100 62
15000
80 55
15000
86 55
15000
97 61
15000
101 60
15000
87 57
15000
90 55
15000
95 64
15000
105 61
15000
88 58
15000
92 66
15000
97 64
15000
100 64
15000
103 64
15000
105 69
15000
96 62
15000
71 50
15000
82 61
15000
90 54
15000
93 66
15000
90 59
15000
96 61
15000
98 58
15000
101 53
15000
83 49
15000
87 64
15000
91 56
15000
101 64
15000
92 51
15000
93 66
15000
98 57
15000
87 59
15000
92 51
15000
95 59
15000
99 64
15000
91 51
15000
93 53
15000
97 60
15000
98 55
15000
87 56
15000
89 53
15000
89 57
15000
94 51
15000
85 56
15000
90 55
15000
91 50
15000
92 60
15000
87 60
15000
90 53
15000
90 59
15000
92 62
15000
100 70
15000
86 59
15000
88 53
15000
92 62
15000
92 60
15000
92 62
15000
95 59
15000
99 53
15000
92 56
15000
95 60
15000
97 67
15000
98 63
15000
107 57
15000
85 55
15000
85 56
15000
87 60
15000
102 63
15000
105 71
15000
85 61
15000
98 61
15000
86 57
15000
93 59
15000
98 60
15000
99 61
15000
103 74
15000
106 67
15000
93 67
15000
97 62
15000
107 57
15000
109 66
15000
114 69
15000
95 62
15000
98 60
15000
105 76
15000
106 72
15000
108 71
15000
110 66
15000
109 66
15000
114 66
15000
95 60
15000
95 61
15000
103 70
15000
109 69
15000
113 63
15000
99 70
15000
103 62
15000
106 61
15000
98 63
15000
99 66
15000
107 68
15000
108 66
15000
89 56
15000
94 58
15000
105 68
15000
112 77
15000
114 73
15000
115 67
15000
100 62
14900
90 58
15000
93 61
15000
96 58
15000
106 78
15000
91 59
15000
96 59
15000
97 68
15000
101 64
15000
104 69
15000
106 67
15000
117 63
15000
100 68
15000
104 71
15000
108 73
15000
112 73
15000
103 67
13900
103 69
14100
97 62
14500
99 68
14000
102 64
14100
108 74
13900
93 58
14300
98 68
13800
100 65
13700
104 66
14000
97 72
13900
99 66
14000
101 60
14300
107 77
13900
111 77
13900
113 74
13900
100 64
14100
97 70
13800
98 60
14100
99 65
14300
102 72
14100
107 71
14000
107 72
14000
97 59
14500
102 68
14300
102 72
13800
89 62
14400
99 63
14100
99 63
0
-nan, -nan