5
4 2 1 1
3 3 3 1
2 3 1 3
4 2 3 3
4 1 2 2
4 2 5 1
3 3 7 1
3 3 5 3
3 1 6 2
1 2 7 3
4 2 1 5
2 3 3 5
2 1 2 6
2 3 1 7
1 2 3 7
4 2 5 5
3 3 7 5
2 3 5 7
4 2 7 7
4 1 6 6
4 1 4 4
4 2 9 1
3 3 11 1
2 3 9 3
4 2 11 3
4 1 10 2
4 2 13 1
3 3 15 1
3 3 13 3
3 1 14 2
1 2 15 3
4 2 9 5
3 3 11 5
3 3 9 7
3 1 10 6
1 2 11 7
3 1 12 4
1 2 13 5
1 1 14 6
3 3 15 5
2 3 13 7
1 2 15 7
4 2 1 9
3 3 3 9
2 3 1 11
4 2 3 11
4 1 2 10
4 2 5 9
2 3 7 9
2 1 6 10
2 3 5 11
1 2 7 11
2 1 4 12
4 2 1 13
2 3 3 13
2 1 2 14
2 3 1 15
1 2 3 15
1 2 5 13
1 1 6 14
3 3 7 13
2 3 5 15
1 2 7 15
4 2 9 9
3 3 11 9
2 3 9 11
4 2 11 11
4 1 10 10
4 2 13 9
3 3 15 9
3 3 13 11
3 1 14 10
1 2 15 11
4 2 9 13
3 3 11 13
2 3 9 15
3 1 10 14
1 2 11 15
3 1 12 12
1 2 13 13
1 1 14 14
3 3 15 13
2 3 13 15
1 2 15 15
4 1 8 8
1 1 16 16
4 2 17 1
3 3 19 1
2 3 17 3
4 2 19 3
4 1 18 2
4 2 21 1
3 3 23 1
3 3 21 3
3 1 22 2
1 2 23 3
4 2 17 5
2 3 19 5
2 1 18 6
2 3 17 7
1 2 19 7
4 2 21 5
3 3 23 5
2 3 21 7
4 2 23 7
4 1 22 6
4 1 20 4
4 2 25 1
3 3 27 1
2 3 25 3
4 2 27 3
4 1 26 2
4 2 29 1
3 3 31 1
3 3 29 3
3 1 30 2
1 2 31 3
4 2 25 5
3 3 27 5
3 3 25 7
3 1 26 6
1 2 27 7
3 1 28 4
1 2 29 5
1 1 30 6
3 3 31 5
2 3 29 7
1 2 31 7
4 2 17 9
3 3 19 9
2 3 17 11
4 2 19 11
4 1 18 10
4 2 21 9
3 3 23 9
3 3 21 11
3 1 22 10
1 2 23 11
4 2 17 13
3 3 19 13
3 3 17 15
3 1 18 14
1 2 19 15
3 1 20 12
1 2 21 13
1 1 22 14
3 3 23 13
2 3 21 15
1 2 23 15
3 1 24 8
1 2 25 9
1 1 26 10
3 3 27 9
2 3 25 11
1 2 27 11
1 1 28 12
4 2 29 9
3 3 31 9
3 3 29 11
3 1 30 10
1 2 31 11
4 2 25 13
2 3 27 13
2 1 26 14
2 3 25 15
1 2 27 15
1 2 29 13
1 1 30 14
3 3 31 13
2 3 29 15
1 2 31 15
4 2 1 17
3 3 3 17
2 3 1 19
4 2 3 19
4 1 2 18
4 2 5 17
3 3 7 17
3 3 5 19
3 1 6 18
1 2 7 19
4 2 1 21
2 3 3 21
2 1 2 22
2 3 1 23
1 2 3 23
4 2 5 21
3 3 7 21
2 3 5 23
4 2 7 23
4 1 6 22
4 1 4 20
4 2 9 17
3 3 11 17
2 3 9 19
4 2 11 19
4 1 10 18
4 2 13 17
2 3 15 17
2 1 14 18
2 3 13 19
1 2 15 19
2 1 12 20
4 2 9 21
2 3 11 21
2 1 10 22
2 3 9 23
1 2 11 23
1 2 13 21
1 1 14 22
3 3 15 21
2 3 13 23
1 2 15 23
2 1 8 24
4 2 1 25
3 3 3 25
2 3 1 27
4 2 3 27
4 1 2 26
4 2 5 25
2 3 7 25
2 1 6 26
2 3 5 27
1 2 7 27
2 1 4 28
4 2 1 29
2 3 3 29
2 1 2 30
2 3 1 31
1 2 3 31
1 2 5 29
1 1 6 30
3 3 7 29
2 3 5 31
1 2 7 31
1 2 9 25
1 1 10 26
3 3 11 25
2 3 9 27
1 2 11 27
1 1 12 28
4 2 13 25
3 3 15 25
3 3 13 27
3 1 14 26
1 2 15 27
4 2 9 29
2 3 11 29
2 1 10 30
2 3 9 31
1 2 11 31
1 2 13 29
1 1 14 30
3 3 15 29
2 3 13 31
1 2 15 31
1 2 17 17
1 1 18 18
3 3 19 17
2 3 17 19
1 2 19 19
1 1 20 20
4 2 21 17
3 3 23 17
3 3 21 19
3 1 22 18
1 2 23 19
4 2 17 21
2 3 19 21
2 1 18 22
2 3 17 23
1 2 19 23
1 2 21 21
1 1 22 22
3 3 23 21
2 3 21 23
1 2 23 23
1 1 24 24
4 2 25 17
3 3 27 17
2 3 25 19
4 2 27 19
4 1 26 18
4 2 29 17
3 3 31 17
3 3 29 19
3 1 30 18
1 2 31 19
4 2 25 21
3 3 27 21
3 3 25 23
3 1 26 22
1 2 27 23
3 1 28 20
1 2 29 21
1 1 30 22
3 3 31 21
2 3 29 23
1 2 31 23
4 2 17 25
3 3 19 25
2 3 17 27
4 2 19 27
4 1 18 26
4 2 21 25
2 3 23 25
2 1 22 26
2 3 21 27
1 2 23 27
2 1 20 28
4 2 17 29
2 3 19 29
2 1 18 30
2 3 17 31
1 2 19 31
1 2 21 29
1 1 22 30
3 3 23 29
2 3 21 31
1 2 23 31
1 2 25 25
1 1 26 26
3 3 27 25
2 3 25 27
1 2 27 27
1 1 28 28
4 2 29 25
3 3 31 25
3 3 29 27
3 1 30 26
1 2 31 27
4 2 25 29
2 3 27 29
2 1 26 30
2 3 25 31
1 2 27 31
1 2 29 29
1 1 30 30
3 3 31 29
2 3 29 31
1 2 31 31
